, , , , , , , , , , , , , , , , , , , , , , , , , , , , , , , , , , , , , , , 
, , , , , , , , , , , , , , , , , , , , , , , , , , , , , , , , , , , , , , , 
, , , , , , , , , , , , , , , , , , , , , , , , , , , (255, 254, 253), , , , , , , , , , , , 
, , , , , , , , , , , , , , , , , , , , , , , , (188, 134, 128), (161, 104, 102), (236, 224, 222), (243, 235, 234), , , , , , , , , , , , 
, , , , , , , , , , , , , , , , , , , , , , (176, 85, 81), (202, 95, 85), (208, 100, 85), (206, 98, 85), (213, 107, 83), (237, 133, 66), (222, 183, 173), (243, 235, 234), , , , , , , , , , 
, , , , , , , , , , , , , , , , , , , , (179, 118, 118), (163, 70, 71), (206, 98, 85), (206, 98, 85), (206, 98, 85), (206, 98, 85), (206, 98, 85), (202, 95, 85), (215, 126, 80), (219, 151, 133), , , , , , , , , , 
, , , , , , , , , , , , , , , , , , , , (183, 89, 83), (206, 98, 85), (229, 118, 94), (231, 119, 94), (229, 118, 94), (226, 115, 92), (211, 103, 86), (208, 100, 85), (255, 188, 81), (198, 94, 64), , , , , , , , , , 
, , , , , , , , , , , , , , , , , (255, 254, 253), , , (166, 79, 77), (206, 98, 85), (229, 118, 94), (229, 118, 94), (229, 118, 94), (229, 118, 94), (231, 119, 94), (222, 111, 91), (249, 176, 80), (210, 114, 76), , , , , , , , , , 
, , , , , , , , , , , , , , , , (236, 224, 222), (163, 105, 85), (247, 241, 240), (227, 205, 204), (206, 98, 85), (226, 115, 92), (229, 118, 94), (229, 118, 94), (229, 118, 94), (229, 118, 94), (217, 108, 90), (241, 141, 74), (250, 179, 81), (244, 170, 81), (251, 238, 234), (255, 254, 253), , , , , , , , 
, , , , , , , , , , , , , , (247, 241, 240), (214, 136, 113), (201, 103, 75), (225, 131, 73), (173, 93, 68), (181, 116, 103), (183, 89, 83), (222, 111, 91), (229, 118, 94), (229, 118, 94), (229, 118, 94), (229, 118, 94), (222, 133, 83), (249, 176, 80), (250, 179, 81), (233, 151, 79), , , , , , , , , , 
, , , , , , , , , , , , , , (187, 142, 137), (250, 245, 244), (214, 116, 76), (198, 100, 75), (230, 131, 75), (248, 147, 75), (225, 127, 76), (203, 105, 76), (212, 119, 79), (213, 107, 83), (206, 98, 85), (222, 119, 81), (250, 179, 81), (250, 179, 81), (221, 132, 78), (218, 121, 75), (217, 192, 186), (220, 198, 196), , , , , , , , 
, , , , , , , , , , , , , , (214, 186, 179), (140, 63, 47), (225, 127, 76), (245, 144, 74), (245, 159, 84), (246, 164, 86), (243, 143, 75), (243, 143, 75), (245, 159, 84), (243, 143, 75), (221, 132, 78), (210, 114, 76), (238, 161, 83), (236, 136, 75), (210, 114, 76), (243, 143, 75), (206, 111, 78), (195, 102, 75), (252, 250, 249), (236, 198, 186), (250, 245, 244), (250, 245, 244), (255, 254, 253), , , 
, , , , , , , , , (236, 224, 222), , , , (236, 224, 222), (167, 85, 61), (214, 116, 76), (251, 183, 98), (243, 172, 95), (243, 143, 75), (243, 143, 75), (243, 143, 75), (241, 141, 74), (249, 178, 95), (250, 181, 96), (250, 221, 137), (251, 183, 98), (239, 139, 75), (248, 147, 75), (230, 131, 75), (210, 114, 76), (245, 168, 91), (245, 153, 79), (198, 94, 64), , (206, 111, 78), (250, 181, 96), (236, 198, 186), , , 
, , , , , , , (142, 89, 70), (147, 96, 74), (188, 144, 118), (214, 181, 149), (166, 117, 93), (116, 63, 64), (116, 63, 64), (203, 105, 76), (245, 144, 74), (203, 105, 76), (203, 105, 76), (245, 153, 79), (243, 143, 75), (243, 143, 75), (243, 143, 75), (250, 181, 96), (249, 175, 94), (250, 217, 134), (250, 221, 137), (248, 172, 92), (243, 149, 77), (245, 144, 74), (198, 100, 75), (218, 121, 75), (243, 143, 75), (238, 146, 79), (238, 205, 167), (223, 119, 65), (250, 181, 96), (201, 103, 75), , , 
, , , , (255, 254, 253), , (163, 105, 85), (214, 181, 149), (199, 158, 129), (188, 144, 118), (244, 222, 181), (221, 187, 152), (116, 63, 64), (163, 105, 85), (230, 131, 75), (233, 134, 75), (251, 183, 98), (222, 133, 83), (198, 100, 75), (222, 125, 76), (208, 109, 76), (201, 113, 68), (248, 172, 92), (248, 172, 92), (250, 227, 141), (250, 221, 137), (249, 175, 94), (247, 168, 89), (243, 143, 75), (243, 149, 77), (208, 109, 76), (225, 127, 76), (245, 144, 74), (236, 136, 75), (244, 146, 76), (250, 181, 96), (239, 212, 203), , , 
, , , , , (147, 96, 74), (213, 174, 141), (233, 197, 161), (217, 192, 186), (254, 253, 253), (166, 117, 93), (180, 130, 121), (194, 150, 123), (183, 99, 72), (198, 100, 75), (247, 168, 89), (198, 100, 75), (203, 105, 76), (244, 146, 76), (218, 121, 75), (248, 147, 75), (183, 99, 72), (149, 80, 65), (233, 134, 75), (245, 159, 84), (249, 188, 106), (250, 181, 96), (243, 149, 77), (241, 141, 74), (249, 178, 95), (225, 131, 73), (165, 89, 68), (201, 103, 75), (205, 107, 76), (250, 181, 96), (249, 178, 95), (255, 254, 253), , , 
, , , , , (188, 144, 118), (152, 75, 57), (173, 93, 68), (195, 102, 75), (223, 119, 65), (246, 163, 78), (249, 176, 80), (161, 81, 61), (152, 75, 57), (197, 109, 71), (216, 126, 70), (233, 151, 79), (46, 7, 12), (49, 11, 51), (16, 0, 2), (243, 149, 77), (250, 179, 81), (245, 159, 77), (245, 159, 77), (201, 103, 75), (205, 107, 76), (245, 153, 79), (243, 149, 77), (245, 159, 84), (247, 168, 89), (203, 105, 76), (195, 102, 75), (241, 141, 74), (215, 126, 80), (210, 114, 76), (251, 219, 197), (255, 254, 253), , , 
, , , , (202, 171, 163), (81, 35, 62), (181, 95, 65), (203, 105, 76), (210, 114, 76), (210, 114, 76), (245, 153, 79), (250, 179, 81), (197, 109, 71), (218, 121, 75), (181, 116, 103), (145, 73, 56), (238, 161, 83), (133, 149, 212), (91, 44, 137), (49, 11, 51), (253, 151, 76), (250, 179, 81), (250, 179, 81), (249, 176, 80), (225, 143, 78), (240, 151, 83), (250, 181, 96), (248, 172, 92), (241, 141, 74), (245, 159, 84), (195, 102, 75), (183, 99, 72), (203, 105, 76), (218, 121, 75), (245, 138, 63), , , , , 
, , , , (116, 63, 64), (203, 105, 76), (205, 107, 76), (225, 127, 76), (239, 139, 75), (149, 99, 91), (228, 179, 151), (238, 181, 133), (239, 139, 75), (222, 125, 76), (240, 210, 171), (247, 229, 189), (250, 179, 81), (133, 149, 212), (106, 145, 241), (16, 0, 2), (227, 151, 83), (205, 107, 76), (212, 119, 79), (198, 100, 75), (238, 161, 83), (250, 227, 141), (250, 221, 137), (250, 227, 141), (245, 159, 84), (243, 143, 75), (225, 127, 76), (208, 109, 76), (149, 80, 65), (248, 147, 75), (245, 168, 91), (206, 116, 88), (255, 254, 253), , , 
, , , (220, 198, 196), (195, 102, 75), (208, 109, 76), (239, 139, 75), (243, 139, 69), (243, 139, 69), (194, 150, 123), (226, 193, 157), (240, 210, 171), (195, 102, 75), (241, 141, 74), (246, 226, 186), (246, 228, 187), (244, 222, 181), (247, 215, 170), (219, 151, 133), (223, 119, 65), (250, 231, 171), (243, 139, 69), (228, 128, 77), (244, 146, 76), (247, 168, 89), (249, 178, 95), (250, 221, 137), (249, 178, 95), (250, 181, 96), (241, 141, 74), (241, 141, 74), (243, 143, 75), (183, 99, 72), (230, 131, 75), (249, 175, 94), (198, 94, 64), , , , 
, (255, 254, 253), (183, 101, 96), (211, 103, 86), (167, 85, 61), (214, 116, 76), (247, 233, 193), (246, 228, 187), (249, 236, 193), (251, 249, 205), (231, 211, 173), (166, 117, 93), (244, 179, 122), (238, 181, 133), (246, 228, 187), (246, 226, 186), (245, 138, 63), (249, 236, 193), (251, 249, 205), (248, 241, 197), (248, 241, 197), (248, 232, 184), (230, 131, 75), (236, 136, 75), (198, 100, 75), (244, 146, 76), (250, 221, 137), (250, 217, 134), (245, 159, 84), (245, 159, 84), (241, 141, 74), (243, 143, 75), (201, 103, 75), (245, 144, 74), (221, 132, 78), (163, 105, 85), (255, 254, 253), , , 
, , (236, 198, 186), (226, 115, 92), (152, 75, 57), (225, 127, 76), (246, 226, 186), (248, 241, 197), (248, 243, 198), (248, 243, 198), (248, 241, 197), (249, 245, 201), (247, 233, 193), (238, 205, 167), (246, 228, 187), (246, 228, 187), (228, 179, 151), (209, 138, 97), (252, 182, 81), (250, 231, 171), (248, 243, 198), (251, 249, 205), (239, 230, 188), (155, 84, 69), (247, 168, 89), (250, 181, 96), (250, 181, 96), (249, 178, 95), (244, 146, 76), (251, 183, 98), (247, 168, 89), (243, 143, 75), (208, 109, 76), (230, 131, 75), (210, 114, 76), (140, 63, 47), , , , 
, , , (225, 108, 83), (147, 96, 74), (238, 205, 167), (247, 233, 193), (248, 243, 198), (248, 243, 198), (248, 243, 198), (248, 243, 198), (248, 243, 198), (248, 243, 198), (248, 243, 198), (246, 228, 187), (246, 228, 187), (247, 233, 193), (152, 75, 57), (251, 249, 205), (244, 156, 69), (248, 241, 197), (248, 241, 197), (206, 116, 88), (221, 132, 78), (244, 146, 76), (218, 121, 75), (203, 105, 76), (173, 93, 68), (250, 206, 123), (249, 212, 128), (250, 181, 96), (243, 143, 75), (201, 103, 75), (244, 146, 76), (197, 109, 71), (181, 116, 103), , , , 
, , (255, 254, 253), (219, 151, 133), (194, 150, 123), (233, 197, 161), (246, 228, 187), (248, 243, 198), (248, 243, 198), (248, 243, 198), (248, 243, 198), (248, 243, 198), (248, 243, 198), (248, 243, 198), (246, 228, 187), (246, 228, 187), (246, 226, 186), (221, 187, 152), (247, 233, 193), (247, 214, 155), (249, 245, 201), (244, 179, 122), (252, 182, 81), (249, 176, 80), (215, 126, 80), (225, 143, 78), (248, 147, 75), (193, 120, 76), (250, 221, 137), (250, 221, 137), (246, 164, 86), (230, 131, 75), (209, 120, 71), (198, 100, 75), (252, 182, 81), (205, 107, 76), (206, 111, 78), , , 
, , , , (214, 186, 179), (214, 181, 149), (247, 229, 189), (248, 243, 198), (248, 243, 198), (248, 243, 198), (248, 243, 198), (248, 243, 198), (248, 243, 198), (248, 243, 198), (246, 228, 187), (246, 228, 187), (246, 228, 187), (247, 229, 189), (209, 120, 71), (135, 50, 39), (199, 140, 128), (64, 29, 97), (87, 31, 27), (201, 113, 68), (250, 179, 81), (252, 182, 81), (239, 139, 75), (250, 181, 96), (250, 217, 134), (249, 200, 117), (230, 131, 75), (244, 170, 81), (250, 179, 81), (249, 176, 80), (250, 179, 81), (249, 176, 80), (225, 143, 78), (219, 151, 133), , 
, , , , (244, 231, 226), (199, 158, 129), (246, 226, 186), (248, 243, 198), (248, 243, 198), (248, 243, 198), (248, 243, 198), (248, 243, 198), (248, 243, 198), (248, 243, 198), (247, 233, 193), (246, 228, 187), (246, 228, 187), (246, 226, 186), (244, 179, 122), (247, 233, 193), (199, 140, 128), (164, 221, 255), (79, 32, 123), (46, 7, 12), (244, 170, 81), (221, 132, 78), (245, 153, 79), (250, 181, 96), (250, 181, 96), (249, 188, 106), (225, 127, 76), (241, 141, 74), (241, 141, 74), (248, 169, 79), (245, 144, 74), (246, 163, 78), (252, 182, 81), (201, 98, 67), , 
, , , , , (183, 136, 109), (240, 216, 176), (249, 236, 193), (248, 243, 198), (248, 243, 198), (248, 243, 198), (248, 243, 198), (248, 243, 198), (248, 243, 198), (246, 226, 186), (244, 222, 181), (247, 229, 189), (246, 228, 187), (246, 228, 187), (247, 233, 193), (190, 159, 157), (110, 118, 193), (16, 0, 2), (129, 57, 49), (205, 107, 76), (198, 100, 75), (249, 175, 94), (249, 178, 95), (249, 178, 95), (245, 159, 84), (226, 115, 92), (211, 103, 86), (231, 119, 94), (217, 108, 90), (231, 119, 94), (229, 118, 94), (213, 107, 83), (252, 182, 81), (202, 171, 163), 
, , , , (228, 212, 211), (188, 144, 118), (238, 205, 167), (247, 229, 189), (248, 243, 198), (248, 243, 198), (248, 243, 198), (248, 243, 198), (248, 243, 198), (247, 233, 193), (233, 197, 161), (238, 181, 133), (238, 205, 167), (240, 216, 176), (246, 226, 186), (247, 229, 189), (252, 182, 81), (208, 109, 76), (181, 95, 65), (214, 116, 76), (230, 131, 75), (247, 168, 89), (250, 181, 96), (243, 139, 69), (245, 153, 79), (245, 144, 74), (226, 115, 92), (229, 118, 94), (229, 118, 94), (229, 118, 94), (229, 118, 94), (217, 108, 90), (206, 98, 85), (239, 139, 75), (214, 186, 179), 
, , (255, 254, 253), (252, 250, 249), (208, 100, 85), (163, 105, 85), (240, 210, 171), (246, 228, 187), (248, 241, 197), (248, 243, 198), (248, 243, 198), (251, 249, 205), (248, 232, 184), (246, 193, 133), (243, 143, 75), (222, 125, 76), (238, 155, 92), (230, 131, 75), (244, 146, 76), (223, 161, 121), (227, 144, 86), (227, 144, 86), (198, 100, 75), (241, 164, 92), (250, 227, 141), (246, 164, 86), (208, 109, 76), (241, 141, 74), (236, 136, 75), (214, 116, 76), (229, 118, 94), (229, 118, 94), (229, 118, 94), (229, 118, 94), (222, 111, 91), (206, 98, 85), (206, 98, 85), (253, 151, 76), , 
, , (255, 254, 253), (252, 250, 249), (211, 103, 86), (183, 99, 72), (245, 138, 63), (247, 236, 198), (247, 229, 189), (247, 233, 193), (247, 233, 193), (244, 156, 69), (245, 159, 77), (245, 153, 79), (225, 127, 76), (225, 127, 76), (228, 128, 77), (167, 85, 61), (228, 128, 77), (203, 105, 76), (245, 144, 74), (248, 172, 92), (254, 187, 98), (251, 183, 98), (250, 181, 96), (238, 146, 79), (248, 147, 75), (239, 139, 75), (241, 141, 74), (165, 89, 68), (231, 119, 94), (229, 118, 94), (229, 118, 94), (229, 118, 94), (217, 108, 90), (206, 98, 85), (203, 102, 84), (173, 81, 55), , 
, , , , (211, 103, 86), (206, 98, 85), (225, 127, 76), (239, 139, 75), (246, 163, 78), (244, 156, 69), (245, 159, 77), (245, 159, 77), (225, 131, 73), (222, 125, 76), (225, 127, 76), (188, 101, 67), (129, 57, 49), (176, 54, 40), (166, 79, 77), (149, 80, 65), (222, 125, 76), (225, 127, 76), (236, 136, 75), (206, 111, 78), (208, 109, 76), (239, 139, 75), (240, 151, 83), (214, 116, 76), (179, 108, 79), (151, 73, 72), (206, 98, 85), (206, 98, 85), (217, 108, 90), (206, 98, 85), (206, 98, 85), (208, 100, 85), (146, 66, 66), (250, 245, 244), , 
, , , , (203, 102, 84), (193, 94, 83), (188, 101, 67), (218, 121, 75), (243, 143, 75), (246, 163, 78), (245, 159, 77), (245, 153, 79), (222, 125, 76), (228, 128, 77), (145, 73, 56), (145, 73, 56), (104, 48, 44), (188, 101, 67), (233, 134, 75), (225, 131, 73), (159, 95, 77), (165, 89, 68), (225, 127, 76), (210, 114, 76), (240, 151, 83), (251, 219, 197), , (233, 151, 79), (163, 105, 85), (180, 130, 121), (163, 70, 71), (208, 100, 85), (206, 98, 85), (208, 100, 85), (193, 94, 83), (163, 70, 71), (236, 224, 222), , , 
, , , , , , (247, 241, 240), (95, 42, 44), (218, 121, 75), (230, 131, 75), (228, 128, 77), (205, 107, 76), (152, 75, 57), (152, 75, 57), (159, 53, 43), (118, 45, 40), (183, 63, 45), (210, 114, 76), (250, 179, 81), (248, 169, 79), (249, 176, 80), (238, 205, 167), (213, 174, 141), (252, 250, 249), (239, 212, 203), (200, 69, 43), (222, 133, 83), (181, 95, 65), (250, 245, 244), , , , (206, 177, 174), , (252, 250, 249), , , , , 
, , , , , , , , (174, 100, 74), (191, 107, 70), (167, 85, 61), (152, 75, 57), (159, 53, 43), (176, 54, 40), (146, 52, 42), (135, 50, 39), (176, 54, 40), (206, 111, 78), (222, 125, 76), (248, 147, 75), (248, 147, 75), (199, 158, 129), (163, 105, 85), (202, 171, 163), , , (226, 164, 144), , , , , , , , , , , , , 
, , , , , , , , (252, 250, 249), , , (159, 118, 116), (176, 54, 40), (95, 42, 44), (176, 54, 40), (159, 53, 43), (87, 31, 27), (176, 54, 40), (241, 64, 34), (200, 69, 43), (168, 56, 43), (126, 46, 41), , , , , , , , , , , , , , , , , , 
, , , , , , , , , , , (178, 145, 144), (134, 76, 71), (104, 48, 44), (168, 56, 43), (159, 53, 43), , (95, 42, 44), (87, 31, 27), (111, 36, 33), (118, 45, 40), (217, 192, 186), , , , , , , , , , , , , , , , , , 
, , , , , , , , , , , , , (111, 36, 33), (134, 76, 71), (247, 241, 240), , , , , , (255, 254, 253), , , , , , , , , , , , , , , , , , 
, , , , , , , , , , , , (255, 254, 253), , , , , , , , , , , , , , , , , , , , , , , , , , , 
, , , , , , , , , , , , , , , , , , , , , , , , , , , , , , , , , , , , , , , 
, , , , , , , , , , , , , , , , , , , , , , , , , , , , , , , , , , , , , , , 